1 0 0 12 16 0 0
1 13 0 3 16 0 0
1 24 0 5 16 0 0
1 36 0 9 16 0 0
1 48 0 7 16 0 0
1 60 0 12 16 0 0
1 73 0 9 16 0 0
1 85 0 3 16 0 0
1 96 0 5 16 0 0
1 108 0 5 16 0 0
1 120 0 7 16 0 0
1 132 0 9 16 0 0
1 144 0 4 16 0 0
1 156 0 5 16 0 0
1 169 0 3 16 0 0
1 180 0 5 16 0 0
1 192 0 7 16 0 0
1 205 0 5 16 0 0
1 216 0 7 16 0 0
1 228 0 7 16 0 0
1 240 0 7 16 0 0
1 252 0 7 16 0 0
1 264 0 7 16 0 0
1 276 0 7 16 0 0
1 288 0 7 16 0 0
1 300 0 7 16 0 0
1 313 0 3 16 0 0
1 324 0 4 16 0 0
1 337 0 8 16 0 0
1 348 0 9 16 0 0
1 360 0 8 16 0 0
1 372 0 6 16 0 0
1 1 16 11 16 0 0
1 15 16 8 16 0 0
1 26 16 7 16 0 0
1 36 16 8 16 0 0
1 48 16 8 16 0 0
1 60 16 7 16 0 0
1 72 16 7 16 0 0
1 84 16 8 16 0 0
1 96 16 8 16 0 0
1 108 16 5 16 0 0
1 120 16 6 16 0 0
1 132 16 7 16 0 0
1 144 16 6 16 0 0
1 156 16 9 16 0 0
1 168 16 8 16 0 0
1 180 16 9 16 0 0
1 192 16 7 16 0 0
1 204 16 9 16 0 0
1 216 16 8 16 0 0
1 228 16 7 16 0 0
1 240 16 7 16 0 0
1 252 16 8 16 0 0
1 264 16 7 16 0 0
1 276 16 10 16 0 0
1 289 16 7 16 0 0
1 300 16 7 16 0 0
1 312 16 7 16 0 0
1 324 16 5 16 0 0
1 336 16 5 16 0 0
1 348 16 5 16 0 0
1 360 16 9 16 0 0
1 372 16 8 16 0 0
1 1 32 4 16 0 0
1 12 32 7 16 0 0
1 24 32 7 16 0 0
1 36 32 6 16 0 0
1 48 32 7 16 0 0
1 60 32 7 16 0 0
1 72 32 5 16 0 0
1 84 32 7 16 0 0
1 96 32 7 16 0 0
1 108 32 3 16 0 0
1 120 32 4 16 0 0
1 132 32 7 16 0 0
1 144 32 3 16 0 0
1 156 32 9 16 0 0
1 168 32 7 16 0 0
1 180 32 7 16 0 0
1 192 32 7 16 0 0
1 204 32 7 16 0 0
1 216 32 5 16 0 0
1 228 32 6 16 0 0
1 240 32 5 16 0 0
1 252 32 7 16 0 0
1 264 32 7 16 0 0
1 276 32 9 16 0 0
1 288 32 7 16 0 0
1 300 32 7 16 0 0
1 312 32 6 16 0 0
1 324 32 6 16 0 0
1 337 32 3 16 0 0
1 348 32 6 16 0 0
1 360 32 9 16 0 0
1 373 32 6 16 0 0
1 0 48 7 16 0 0
1 13 48 10 16 0 0
1 24 48 4 16 0 0
1 36 48 8 16 0 0
1 48 48 6 16 0 0
1 61 48 9 16 0 0
1 72 48 7 16 0 0
1 84 48 7 16 0 0
1 97 48 6 16 0 0
1 108 48 12 16 0 0
1 120 48 7 16 0 0
1 132 48 5 16 0 0
1 144 48 12 16 0 0
1 157 48 10 16 0 0
1 169 48 7 16 0 0
1 181 48 10 16 0 0
1 193 48 10 16 0 0
1 204 48 4 16 0 0
1 216 48 4 16 0 0
1 228 48 6 16 0 0
1 240 48 6 16 0 0
1 252 48 6 16 0 0
1 264 48 8 16 0 0
1 276 48 12 16 0 0
1 289 48 6 16 0 0
1 300 48 1 16 0 0
1 312 48 6 16 0 0
1 324 48 5 16 0 0
1 336 48 6 16 0 0
1 349 48 10 16 0 0
1 361 1 48 6 16 0 0
1 372 48 6 16 0 0
1 0 64 13 16 0 0
1 13 64 3 16 0 0
1 24 64 7 16 0 0
1 36 64 7 16 0 0
1 48 64 7 16 0 0
1 60 64 7 16 0 0
1 73 64 3 16 0 0
1 84 64 7 16 0 0
1 97 64 5 16 0 0
1 108 64 1 16 0 0
1 120 64 6 16 0 0
1 132 64 7 16 0 0
1 145 64 8 16 0 0
1 156 64 5 16 0 0
1 168 64 1 16 0 0
1 180 64 8 16 0 0
1 192 64 6 16 0 0
1 204 64 9 16 0 0
1 217 64 5 16 0 0
1 228 64 5 16 0 0
1 242 64 4 16 0 0
1 252 64 7 16 0 0
1 264 64 7 16 0 0
1 277 64 3 16 0 0
1 290 64 5 16 0 0
1 300 64 7 16 0 0
1 312 64 6 16 0 0
1 324 64 7 16 0 0
1 337 64 1 16 0 0
1 349 64 1 16 0 0
1 361 64 1 16 0 0
1 373 64 6 16 0 0
1 0 80 8 16 0 0
1 12 80 8 16 0 0
1 24 80 8 16 0 0
1 36 80 8 16 0 0
1 48 80 8 16 0 0
1 60 80 8 16 0 0
1 72 80 1 16 0 0
1 84 80 8 16 0 0
1 96 80 7 16 0 0
1 108 80 7 16 0 0
1 120 80 7 16 0 0
1 132 80 7 16 0 0
1 144 80 5 16 0 0
1 156 80 5 16 0 0
1 168 80 6 16 0 0
1 180 80 5 16 0 0
1 192 80 9 16 0 0
1 204 80 8 16 0 0
1 216 80 9 16 0 0
1 228 80 9 16 0 0
1 240 80 9 16 0 0
1 252 80 9 16 0 0
1 264 80 9 16 0 0
1 278 80 7 16 0 0
1 288 80 9 16 0 0
1 300 80 8 16 0 0
1 312 80 8 16 0 0
1 324 80 8 16 0 0
1 336 80 8 16 0 0
1 348 80 7 16 0 0
1 360 80 7 16 0 0
1 372 80 7 16 0 0
1 0 96 7 16 0 0
1 12 96 7 16 0 0
1 24 96 7 16 0 0
1 36 96 7 16 0 0
1 48 96 7 16 0 0
1 60 96 7 16 0 0
1 72 96 6 16 0 0
1 84 96 6 16 0 0
1 96 96 7 16 0 0
1 108 96 7 16 0 0
1 120 96 7 16 0 0
1 132 96 7 16 0 0
1 144 96 3 16 0 0
1 156 96 4 16 0 0
1 168 96 4 16 0 0
1 180 96 4 16 0 0
1 192 96 7 16 0 0
1 204 96 7 16 0 0
1 216 96 7 16 0 0
1 228 96 7 16 0 0
1 240 96 7 16 0 0
1 252 96 7 16 0 0
1 264 96 7 16 0 0
1 276 96 9 16 0 0
1 288 96 7 16 0 0
1 300 96 7 16 0 0
1 312 96 7 16 0 0
1 324 96 7 16 0 0
1 336 96 7 16 0 0
1 348 96 7 16 0 0
1 360 96 7 16 0 0
1 372 96 7 16 0 0
